56
55
59
57
58
62
61
60
64
68
67
66
65
63
69
76
75
72
71
70
73
74
77
88
78
79
83
82
80
81
87
86
84
85
90
89
94
93
92
91
96
95
98
97
148
179
178
149
160
159
158
156
157
161
177
172
170
171
173
174
175
176
155
150
154
153
151
152
169
164
162
163
165
166
167
168
101
99
100
109
103
102
105
104
106
108
107
119
110
111
118
117
116
114
113
115
112
136
131
133
132
122
120
121
130
123
129
128
127
125
124
126
184
180
181
182
183
211
210
185
197
192
194
193
195
196
191
187
186
188
189
190
209
204
205
206
208
207
203
198
199
201
200
202
139
138
137
142
141
143
145
144
147
146
140
218
217
216
215
214
213
212
221
219
220
222
223
231
224
225
228
227
226
233
232
230
229
